
VLinesTable:
	.word	40000,1134, 40050,1140, 40120,1144, 40170,1150, 40240,1154, 40310,1160, 40360,1164, 40430,1170, 40500,1174, 40550,1200, 40620,1204, 40670,1210, 40740,1214, 41010,1220, 41060,1224, 41130,1230
	.word	41200,1234, 41250,1240, 41320,1244, 41370,1250, 41440,1254, 41510,1260, 41560,1264, 41630,1270, 41700,1274, 41750,1300, 42020,1304, 42070,1310, 42140,1314, 42210,1320, 42260,1324, 42330,1330
	.word	42400,1334, 42450,1340, 42520,1344, 42570,1350, 42640,1354, 42710,1360, 42760,1364, 43030,1370, 43100,1374, 43150,1400, 43220,1404, 43270,1410, 43340,1414, 43410,1420, 43460,1424, 43530,1430
	.word	43600,1434, 43650,1440, 43720,1444, 43770,1450, 44040,1454, 44110,1460, 44160,1464, 44230,1470, 44300,1474, 44350,1500, 44420,1504, 44470,1510, 44540,1514, 44610,1520, 44660,1524, 44730,1530
	.word	45000,1534, 45050,1540, 45120,1544, 45170,1550, 45240,1554, 45310,1560, 45360,1564, 45430,1570, 45500,1574, 45550,1600, 45620,1604, 45670,1610, 45740,1614, 46010,1620, 46060,1624, 46130,1630
	.word	46200,1634, 46250,1640, 46320,1644, 46370,1650, 46440,1654, 46510,1660, 46560,1664, 46630,1670, 46700,1674, 46750,1700, 47020,1704, 47070,1710, 47140,1714, 47210,1720, 47260,1724, 47330,1730
	.word	47400,1734, 47450,1740, 47520,1744, 47570,1750, 47640,1754, 47710,1760, 47760,1764, 50030,1770, 50100,1774, 50150,2000, 50220,2004, 50270,2010, 50340,2014, 50410,2020, 50460,2024, 50530,2030
	.word	50600,2034, 50650,2040, 50720,2044, 50770,2050, 51040,2054, 51110,2060, 51160,2064, 51230,2070, 51300,2074, 51350,2100, 51420,2104, 51470,2110, 51540,2114, 51610,2120, 51660,2124, 51730,2130
	.word	52000,2134, 52050,2140, 52120,2144, 52170,2150, 52240,2154, 52310,2160, 52360,2164, 52430,2170, 52500,2174, 52550,2200, 52620,2204, 52670,2210, 52740,2214, 53010,2220, 53060,2224, 53130,2230
	.word	53200,2234, 53250,2240, 53320,2244, 53370,2250, 53440,2254, 53510,2260, 53560,2264, 53630,2270, 53700,2274, 53750,2300, 54020,2304, 54070,2310, 54140,2314, 54210,2320, 54260,2324, 54330,2330
	.word	54400,2334, 54450,2340, 54520,2344, 54570,2350, 54640,2354, 54710,2360, 54760,2364, 55030,2370, 55100,2374, 55150,2400, 55220,2404, 55270,2410, 55340,2414, 55410,2420, 55460,2424, 55530,2430
	.word	55600,2434, 55650,2440, 55720,2444, 55770,2450, 56040,2454, 56110,2460, 56160,2464, 56230,2470, 56300,2474, 56350,2500, 56420,2504, 56470,2510, 56540,2514, 56610,2520, 56660,2524, 56730,2530
	.word	57000,2534, 57050,2540, 57120,2544, 57170,2550, 57240,2554, 57310,2560, 57360,2564, 57430,2570, 57500,2574, 57550,2600, 57620,2604, 57670,2610, 57740,2614, 60010,2620, 60060,2624, 60130,2630
	.word	60200,2634, 60250,2640, 60320,2644, 60370,2650, 60440,2654, 60510,2660, 60560,2664, 60630,2670, 60700,2674, 60750,2700, 61020,2704, 61070,2710, 61140,2714, 61210,2720, 61260,2724, 61330,2730
	.word	61400,2734, 61450,2740, 61520,2744, 61570,2750, 61640,2754, 61710,2760, 61760,2764, 62030,2770, 62100,2774, 62150,3000, 62220,3004, 62270,3010, 62340,3014, 62410,3020, 62460,3024, 62530,3030
	.word	62600,3034, 62650,3040, 62720,3044, 62770,3050, 63040,3054, 63110,3060, 63160,3064, 63230,3070, 63300,3074, 63350,3100, 63420,3104, 63470,3110, 63540,3114, 63610,3120, 63660,3124, 63730,3130
	.word	64000,3134, 64050,3140, 64120,3144, 64170,3150, 64240,3154, 64310,3160, 64360,3164, 64430,3170, 64500,3174, 64550,3200, 64620,3204, 64670,3210, 64740,3214, 65010,3220, 65060,3224, 65130,3230
	.word	65200,3234, 65250,3240, 65320,3244, 65370,3250, 65440,3254, 65510,3260, 65560,3264, 65630,3270, 65700,3274, 65750,3300, 66020,3304, 66070,3310, 66140,3314, 66210,3320, 66260,3324, 66330,3330
	.word	66400,3330
